37.5 37.5 1 1 200 50
20.711 31.2385
9.36457 7.07542
15.6592 30.4395
2.32973 18.0601
5.2213 16.713
21.3296 10.2318
23.8931 0.330649
10.003 24.0208
12.6141 30.776
31.1795 30.0098
10.0912 33.673
0.826487 12.5501
11.6862 29.8558
22.8601 19.8726
8.46565 23.8752
17.6138 30.7904
0.365783 29.1766
22.1161 26.9783
7.53842 16.025
32.7379 24.4459
34.6776 12.7597
13.0904 16.5676
3.0884 21.0707
14.3467 23.0933
15.6031 15.7025
11.8755 8.02617
20.5763 25.6943
18.0502 12.7019
32.5745 32.2624
18.6377 3.41031
34.2007 3.54015
32.7168 36.2514
25.7298 34.5665
13.0914 17.3329
4.27876 33.2682
8.52793 8.32935
24.8969 1.45641
22.5271 21.6183
7.21164 27.9853
6.18779 36.8738
7.40002 22.8148
11.0091 18.0633
30.7652 27.9763
22.7387 29.0593
32.4696 25.8397
29.3799 3.87637
2.62781 29.1703
26.2367 24.5966
4.42955 28.3576
24.1258 1.82815
