75 75 1 1 200 50
58.3366 50.4101
29.0578 52.5121
8.45601 63.8729
51.4398 49.3694
52.4093 0.272914
43.4638 25.1257
38.2805 21.2377
22.3295 3.2927
20.2914 64.4626
7.02973 20.4518
62.1086 28.1148
4.12857 30.9183
64.5782 53.6324
22.3771 41.8617
24.2555 65.6598
41.0699 60.5947
38.1067 7.59209
71.465 70.1278
44.4972 46.5628
46.8357 47.9048
73.0304 21.9065
43.1441 15.2995
18.5922 36.3109
25.7735 65.4736
10.9253 38.8836
66.9985 32.8033
63.7216 73.0339
51.6663 71.127
37.9888 53.2997
43.9596 74.0434
59.6381 62.2442
69.8363 10.0295
5.15728 22.7448
69.3076 66.3013
39.2061 49.6545
71.5609 41.1433
56.4428 37.2365
73.5474 39.7051
30.1786 0.0350089
38.9187 24.321
57.1242 41.104
39.1379 30.9171
27.0442 45.8458
24.1456 15.8042
14.8476 65.0329
52.2772 68.1051
3.13462 74.4857
22.2305 47.1135
38.4148 8.29191
57.9464 16.5381
