50 50 1 1 200 50
13.5433 11.6111
13.553 43.5383
22.3627 46.7392
34.053 43.5892
42.7543 31.9783
12.398 42.3034
16.3877 2.62097
39.9227 27.0768
15.8226 7.40795
41.8609 20.2409
25.4094 9.1154
48.0091 31.034
13.8295 28.9132
16.7233 32.9914
35.429 19.7356
31.3467 48.8911
42.4294 48.9723
45.7115 44.8997
38.4888 14.7921
46.7704 29.7645
22.0678 31.2431
33.8641 9.16838
36.2452 38.4555
45.8635 23.7867
44.0277 2.06779
11.1832 37.7243
18.7584 19.4371
48.3502 9.1923
42.1837 32.5879
2.3235 15.0735
13.9646 27.6127
26.585 33.6702
28.5698 6.394
21.1861 22.2965
2.06096 17.0587
48.3017 17.9565
27.1249 24.1288
12.5843 32.1658
5.95254 13.3701
15.4379 8.44777
46.1721 49.9802
19.4173 26.6211
35.8134 14.9305
47.5184 17.7675
32.841 27.9971
5.60981 49.8419
33.5121 46.8056
3.19961 32.1948
4.49129 12.0819
29.1406 24.3858
