12.5 12.5 1 1 200 50
4.53805 6.47665
0.328344 2.69495
10.2951 7.93664
11.1001 8.2949
7.95535 11.2348
7.17978 4.0304
2.30775 5.10304
10.4296 11.2166
3.18953 8.37304
10.187 12.0637
12.4416 7.79681
10.6497 0.614509
2.54092 6.79981
3.93697 11.564
9.28789 11.703
5.67961 5.07307
7.76801 1.32594
9.26258 6.00796
1.80286 5.56307
4.29784 7.8627
11.8931 9.75821
2.36125 11.4776
10.1942 1.70084
10.0739 0.290811
12.3545 0.883742
8.68055 7.76088
8.37539 12.296
6.59584 6.83022
5.89423 10.9163
10.1193 10.5328
3.10587 2.68212
4.00806 3.29888
9.30684 10.8739
3.93695 0.770637
8.63333 11.1097
8.36791 8.23479
7.21242 8.02643
9.72727 10.7292
11.02 4.90663
5.79037 7.30115
2.56204 10.8744
10.6705 1.97092
8.80114 10.9374
9.35374 4.76631
2.79912 2.19537
4.87749 6.97301
10.2719 5.90499
4.27888 8.88555
9.65619 7.07873
5.68843 8.21583
