25 25 1 1 200 50
7.90125 11.579
2.6319 3.11268
24.571 22.3261
7.13933 22.0865
11.6888 21.6109
18.3598 18.7201
22.6619 16.8128
13.6877 14.7008
24.2334 15.2642
19.6549 7.39516
21.3412 4.83161
16.6416 4.40991
22.181 16.885
6.04243 0.199339
16.631 16.4934
3.07243 17.4193
20.532 24.5322
21.8583 5.70433
2.79078 20.103
16.7139 3.99766
22.7177 14.4795
6.29237 10.0737
24.7745 20.3796
10.6438 19.98
2.37521 24.0079
3.83948 5.29875
9.70865 23.7164
15.6013 20.4811
20.6804 6.88966
23.383 21.6438
14.0631 12.3114
11.8437 1.45548
7.15981 9.59504
4.69801 8.70198
12.6996 9.95059
24.4301 21.4119
6.48567 10.4174
5.797 5.7225
0.702548 6.26017
5.26804 16.4408
21.7396 3.07776
1.79414 9.10752
4.58859 6.44822
13.3379 17.3955
14.0393 0.268999
12.5804 11.7209
13.1764 3.10234
12.6974 24.4241
8.12605 20.3362
5.28681 17.3954
