62.5 62.5 1 1 200 50
52.9279 8.19031
38.3513 34.3029
12.0101 24.334
41.0466 54.0817
2.14138 19.4508
19.426 60.344
31.1204 59.8565
16.0196 43.6976
3.40699 13.3871
48.3835 12.9176
12.7199 44.4583
40.4653 55.3958
33.1392 54.61
7.21234 44.4648
12.447 38.7534
46.9437 43.638
15.4409 2.87485
27.2088 22.795
14.3766 27.451
46.9018 5.75546
3.59946 16.518
13.8745 3.82788
47.5255 34.7198
48.1069 29.8941
42.8117 50.9325
32.8908 33.9904
26.8862 55.5316
47.6416 10.8561
55.3209 60.0254
36.2788 54.8539
35.9919 5.26787
8.14271 20.7225
43.5174 51.4328
16.3839 35.3515
41.107 57.8941
11.9121 0.785691
4.61357 44.7065
16.9263 25.7866
55.6807 52.1391
40.5716 2.53323
36.5237 35.9924
29.024 10.9624
21.8184 0.909827
60.9353 14.1656
6.51951 14.6393
19.9071 34.714
55.4365 42.5114
31.4443 28.0499
0.901408 36.4539
31.848 47.8281
